0.10256410256410256
0.02271062271062271
0.025274725274725275
0.0184981684981685
0.02197802197802198
0.025091575091575093
0.02197802197802198
0.019597069597069597
0.021245421245421246
0.017765567765567765
0.017948717948717947
0.02142857142857143
0.029304029304029304
0.020695970695970695
0.025824175824175823
0.021245421245421246
0.022893772893772892
0.023626373626373626
0.02142857142857143
0.025091575091575093
0.027472527472527472
0.02271062271062271
0.01904761904761905
0.021245421245421246
0.022344322344322345
0.025091575091575093
0.028021978021978023
0.020146520146520148
0.02967032967032967
0.02454212454212454
0.030036630036630037
