0.15873015873015872
0.3934240362811791
0.4618291761148904
0.4937641723356009
0.5120181405895692
0.5200302343159486
0.5322319403952057
0.5445011337868481
0.5495086923658352
0.5512471655328798
0.5553494124922697
0.5565003779289494
0.5628815628815629
0.5617103984450923
0.5617535903250189
0.5651927437641724
0.5664932639722555
0.5689090450995213
0.5707124955245256
0.5713151927437642
0.5709966526293057
0.5721500721500722
0.5723158828748891
0.5741685563114135
0.5753287981859411
0.5779696493982208
0.5791551188376585
0.579770003239391
0.5811244037845023
0.581103552532124
0.5823275546777851
